,Tijd,positie,versnelling_sensor,versnelling_stim
0,"[0.         0.01003344 0.02006689 0.03010033 0.04013378 0.05016722
 0.06020067 0.07023411 0.08026756 0.090301   0.10033445 0.11036789
 0.12040134 0.13043478 0.14046823 0.15050167 0.16053512 0.17056856
 0.18060201 0.19063545 0.2006689  0.21070234 0.22073579 0.23076923
 0.24080268 0.25083612 0.26086957 0.27090301 0.28093645 0.2909699
 0.30100334 0.31103679 0.32107023 0.33110368 0.34113712 0.35117057
 0.36120401 0.37123746 0.3812709  0.39130435 0.40133779 0.41137124
 0.42140468 0.43143813 0.44147157 0.45150502 0.46153846 0.47157191
 0.48160535 0.4916388  0.50167224 0.51170569 0.52173913 0.53177258
 0.54180602 0.55183946 0.56187291 0.57190635 0.5819398  0.59197324
 0.60200669 0.61204013 0.62207358 0.63210702 0.64214047 0.65217391
 0.66220736 0.6722408  0.68227425 0.69230769 0.70234114 0.71237458
 0.72240803 0.73244147 0.74247492 0.75250836 0.76254181 0.77257525
 0.7826087  0.79264214 0.80267559 0.81270903 0.82274247 0.83277592
 0.84280936 0.85284281 0.86287625 0.8729097  0.88294314 0.89297659
 0.90301003 0.91304348 0.92307692 0.93311037 0.94314381 0.95317726
 0.9632107  0.97324415 0.98327759 0.99331104 1.00334448 1.01337793
 1.02341137 1.03344482 1.04347826 1.05351171 1.06354515 1.0735786
 1.08361204 1.09364548 1.10367893 1.11371237 1.12374582 1.13377926
 1.14381271 1.15384615 1.1638796  1.17391304 1.18394649 1.19397993
 1.20401338 1.21404682 1.22408027 1.23411371 1.24414716 1.2541806
 1.26421405 1.27424749 1.28428094 1.29431438 1.30434783 1.31438127
 1.32441472 1.33444816 1.34448161 1.35451505 1.36454849 1.37458194
 1.38461538 1.39464883 1.40468227 1.41471572 1.42474916 1.43478261
 1.44481605 1.4548495  1.46488294 1.47491639 1.48494983 1.49498328
 1.50501672 1.51505017 1.52508361 1.53511706 1.5451505  1.55518395
 1.56521739 1.57525084 1.58528428 1.59531773 1.60535117 1.61538462
 1.62541806 1.63545151 1.64548495 1.65551839 1.66555184 1.67558528
 1.68561873 1.69565217 1.70568562 1.71571906 1.72575251 1.73578595
 1.7458194  1.75585284 1.76588629 1.77591973 1.78595318 1.79598662
 1.80602007 1.81605351 1.82608696 1.8361204  1.84615385 1.85618729
 1.86622074 1.87625418 1.88628763 1.89632107 1.90635452 1.91638796
 1.9264214  1.93645485 1.94648829 1.95652174 1.96655518 1.97658863
 1.98662207 1.99665552 2.00668896 2.01672241 2.02675585 2.0367893
 2.04682274 2.05685619 2.06688963 2.07692308 2.08695652 2.09698997
 2.10702341 2.11705686 2.1270903  2.13712375 2.14715719 2.15719064
 2.16722408 2.17725753 2.18729097 2.19732441 2.20735786 2.2173913
 2.22742475 2.23745819 2.24749164 2.25752508 2.26755853 2.27759197
 2.28762542 2.29765886 2.30769231 2.31772575 2.3277592  2.33779264
 2.34782609 2.35785953 2.36789298 2.37792642 2.38795987 2.39799331
 2.40802676 2.4180602  2.42809365 2.43812709 2.44816054 2.45819398
 2.46822742 2.47826087 2.48829431 2.49832776 2.5083612  2.51839465
 2.52842809 2.53846154 2.54849498 2.55852843 2.56856187 2.57859532
 2.58862876 2.59866221 2.60869565 2.6187291  2.62876254 2.63879599
 2.64882943 2.65886288 2.66889632 2.67892977 2.68896321 2.69899666
 2.7090301  2.71906355 2.72909699 2.73913043 2.74916388 2.75919732
 2.76923077 2.77926421 2.78929766 2.7993311  2.80936455 2.81939799
 2.82943144 2.83946488 2.84949833 2.85953177 2.86956522 2.87959866
 2.88963211 2.89966555 2.909699   2.91973244 2.92976589 2.93979933
 2.94983278 2.95986622 2.96989967 2.97993311 2.98996656 3.        ]","[0.00000000e+00 0.00000000e+00 0.00000000e+00 0.00000000e+00
 0.00000000e+00 0.00000000e+00 0.00000000e+00 0.00000000e+00
 0.00000000e+00 0.00000000e+00 0.00000000e+00 0.00000000e+00
 0.00000000e+00 0.00000000e+00 0.00000000e+00 0.00000000e+00
 0.00000000e+00 0.00000000e+00 0.00000000e+00 0.00000000e+00
 0.00000000e+00 0.00000000e+00 0.00000000e+00 0.00000000e+00
 0.00000000e+00 0.00000000e+00 0.00000000e+00 0.00000000e+00
 0.00000000e+00 0.00000000e+00 0.00000000e+00 0.00000000e+00
 0.00000000e+00 0.00000000e+00 0.00000000e+00 0.00000000e+00
 0.00000000e+00 0.00000000e+00 0.00000000e+00 0.00000000e+00
 0.00000000e+00 0.00000000e+00 0.00000000e+00 0.00000000e+00
 0.00000000e+00 0.00000000e+00 0.00000000e+00 0.00000000e+00
 0.00000000e+00 0.00000000e+00 0.00000000e+00 0.00000000e+00
 0.00000000e+00 0.00000000e+00 0.00000000e+00 0.00000000e+00
 0.00000000e+00 0.00000000e+00 0.00000000e+00 0.00000000e+00
 0.00000000e+00 0.00000000e+00 0.00000000e+00 0.00000000e+00
 0.00000000e+00 0.00000000e+00 0.00000000e+00 0.00000000e+00
 0.00000000e+00 0.00000000e+00 0.00000000e+00 0.00000000e+00
 0.00000000e+00 1.93178806e-21 2.27950991e-20 1.74691595e-19
 1.28698812e-18 9.39803398e-18 6.85364752e-17 4.99713511e-16
 3.64337022e-15 2.65633406e-14 1.93669727e-13 1.41201964e-12
 1.02948417e-11 7.50582068e-11 5.47234651e-10 3.98957239e-09
 2.90746225e-08 2.11301332e-07 1.50567335e-06 9.47491824e-06
 3.82721249e-05 9.35698803e-05 1.71868330e-04 2.68321983e-04
 3.78559438e-04 4.98865251e-04 6.26124180e-04 7.57742652e-04
 8.91576186e-04 1.02586559e-03 1.15918134e-03 1.29037530e-03
 1.41853864e-03 1.54296557e-03 1.66312172e-03 1.77861699e-03
 1.88918198e-03 1.99464781e-03 2.09492865e-03 2.19000685e-03
 2.27992012e-03 2.36475067e-03 2.44461590e-03 2.51966059e-03
 2.59005017e-03 2.65596524e-03 2.71759679e-03 2.77514237e-03
 2.82880288e-03 2.87877985e-03 2.92527341e-03 2.96848045e-03
 3.00859335e-03 3.04579887e-03 3.08027735e-03 3.11220214e-03
 3.14173921e-03 3.16904683e-03 3.19427555e-03 3.21756805e-03
 3.23905929e-03 3.25887661e-03 3.27713987e-03 3.29396171e-03
 3.30944778e-03 3.32369702e-03 3.33680194e-03 3.34884890e-03
 3.35991845e-03 3.37008561e-03 3.37942014e-03 3.38798692e-03
 3.39584613e-03 3.40305364e-03 3.40966118e-03 3.41571668e-03
 3.42126446e-03 3.42634553e-03 3.43099773e-03 3.43525604e-03
 3.43915271e-03 3.44271748e-03 3.44597778e-03 3.44895884e-03
 3.45168391e-03 3.45417438e-03 3.45644991e-03 3.45852859e-03
 3.46042704e-03 3.46216052e-03 3.46374302e-03 3.46518742e-03
 3.46650552e-03 3.46770811e-03 3.46880514e-03 3.46980567e-03
 3.47071805e-03 3.47154990e-03 3.47230820e-03 3.47299933e-03
 3.47362916e-03 3.47420303e-03 3.47472584e-03 3.47520205e-03
 3.47563576e-03 3.47603071e-03 3.47639031e-03 3.47671769e-03
 3.47701568e-03 3.47728690e-03 3.47753372e-03 3.47775831e-03
 3.47796264e-03 3.47814852e-03 3.47831760e-03 3.47847138e-03
 3.47861123e-03 3.47873839e-03 3.47885401e-03 3.47895912e-03
 3.47905467e-03 3.47914152e-03 3.47922045e-03 3.47929218e-03
 3.47935736e-03 3.47941658e-03 3.47947038e-03 3.47951926e-03
 3.47956366e-03 3.47960398e-03 3.47964061e-03 3.47967387e-03
 3.47970407e-03 3.47973149e-03 3.47975639e-03 3.47977899e-03
 3.47979951e-03 3.47981814e-03 3.47983504e-03 3.47985038e-03
 3.47986431e-03 3.47987694e-03 3.47988841e-03 3.47989881e-03
 3.47990825e-03 3.47991681e-03 3.47992458e-03 3.47993162e-03
 3.47993801e-03 3.47994381e-03 3.47994907e-03 3.47995383e-03
 3.47995816e-03 3.47996208e-03 3.47996563e-03 3.47996886e-03
 3.47997178e-03 3.47997443e-03 3.47997683e-03 3.47997901e-03
 3.47998098e-03 3.47998277e-03 3.47998439e-03 3.47998586e-03
 3.47998719e-03 3.47998840e-03 3.47998949e-03 3.47999048e-03
 3.47999138e-03 3.47999219e-03 3.47999293e-03 3.47999360e-03
 3.47999420e-03 3.47999475e-03 3.47999524e-03 3.47999569e-03
 3.47999610e-03 3.47999647e-03 3.47999680e-03 3.47999711e-03
 3.47999738e-03 3.47999763e-03 3.47999785e-03 3.47999806e-03
 3.47999824e-03 3.47999841e-03 3.47999856e-03 3.47999870e-03
 3.47999882e-03 3.47999893e-03 3.47999903e-03 3.47999913e-03
 3.47999921e-03 3.47999928e-03 3.47999935e-03 3.47999941e-03
 3.47999947e-03 3.47999952e-03 3.47999957e-03 3.47999961e-03
 3.47999964e-03 3.47999968e-03 3.47999971e-03 3.47999974e-03
 3.47999976e-03 3.47999978e-03 3.47999980e-03 3.47999982e-03
 3.47999984e-03 3.47999986e-03 3.47999987e-03 3.47999988e-03
 3.47999989e-03 3.47999990e-03 3.47999991e-03 3.47999992e-03
 3.47999993e-03 3.47999994e-03 3.47999994e-03 3.47999995e-03
 3.47999995e-03 3.47999996e-03 3.47999996e-03 3.47999996e-03
 3.47999997e-03 3.47999997e-03 3.47999997e-03 3.47999998e-03]","[0.00000000e+00 0.00000000e+00 0.00000000e+00 0.00000000e+00
 0.00000000e+00 0.00000000e+00 0.00000000e+00 0.00000000e+00
 0.00000000e+00 0.00000000e+00 0.00000000e+00 0.00000000e+00
 0.00000000e+00 0.00000000e+00 0.00000000e+00 0.00000000e+00
 0.00000000e+00 0.00000000e+00 0.00000000e+00 0.00000000e+00
 0.00000000e+00 0.00000000e+00 0.00000000e+00 0.00000000e+00
 0.00000000e+00 0.00000000e+00 0.00000000e+00 0.00000000e+00
 0.00000000e+00 0.00000000e+00 0.00000000e+00 0.00000000e+00
 0.00000000e+00 0.00000000e+00 0.00000000e+00 0.00000000e+00
 0.00000000e+00 0.00000000e+00 0.00000000e+00 0.00000000e+00
 0.00000000e+00 0.00000000e+00 0.00000000e+00 0.00000000e+00
 0.00000000e+00 0.00000000e+00 0.00000000e+00 0.00000000e+00
 0.00000000e+00 0.00000000e+00 0.00000000e+00 0.00000000e+00
 0.00000000e+00 0.00000000e+00 0.00000000e+00 0.00000000e+00
 0.00000000e+00 0.00000000e+00 0.00000000e+00 0.00000000e+00
 0.00000000e+00 0.00000000e+00 0.00000000e+00 0.00000000e+00
 0.00000000e+00 0.00000000e+00 0.00000000e+00 0.00000000e+00
 0.00000000e+00 0.00000000e+00 0.00000000e+00 0.00000000e+00
 0.00000000e+00 1.93178806e-19 2.27950991e-18 1.74691595e-17
 1.28698812e-16 9.39803398e-16 6.85364752e-15 4.99713511e-14
 3.64337022e-13 2.65633406e-12 1.93669727e-11 1.41201964e-10
 1.02948417e-09 7.50582068e-09 5.47234651e-08 3.98957239e-07
 2.90746225e-06 2.11301332e-05 1.50567335e-04 9.47491824e-04
 3.82721249e-03 9.35698803e-03 1.71868330e-02 2.68321983e-02
 3.78559438e-02 4.98865251e-02 6.26124180e-02 7.57742652e-02
 8.91576186e-02 1.02586559e-01 1.15918134e-01 1.29037530e-01
 1.41853864e-01 1.54296557e-01 1.66312172e-01 1.77861699e-01
 1.88918198e-01 1.99464781e-01 2.09492865e-01 2.19000685e-01
 2.27992012e-01 2.36475067e-01 2.44461590e-01 2.51966059e-01
 2.59005017e-01 2.65596524e-01 2.71759679e-01 2.77514237e-01
 2.82880288e-01 2.87877985e-01 2.92527341e-01 2.96848045e-01
 3.00859335e-01 3.04579887e-01 3.08027735e-01 3.11220214e-01
 3.14173921e-01 3.16904683e-01 3.19427555e-01 3.21756805e-01
 3.23905929e-01 3.25887661e-01 3.27713987e-01 3.29396171e-01
 3.30944778e-01 3.32369702e-01 3.33680194e-01 3.34884890e-01
 3.35991845e-01 3.37008561e-01 3.37942014e-01 3.38798692e-01
 3.39584613e-01 3.40305364e-01 3.40966118e-01 3.41571668e-01
 3.42126446e-01 3.42634553e-01 3.43099773e-01 3.43525604e-01
 3.43915271e-01 3.44271748e-01 3.44597778e-01 3.44895884e-01
 3.45168391e-01 3.45417438e-01 3.45644991e-01 3.45852859e-01
 3.46042704e-01 3.46216052e-01 3.46374302e-01 3.46518742e-01
 3.46650552e-01 3.46770811e-01 3.46880514e-01 3.46980567e-01
 3.47071805e-01 3.47154990e-01 3.47230820e-01 3.47299933e-01
 3.47362916e-01 3.47420303e-01 3.47472584e-01 3.47520205e-01
 3.47563576e-01 3.47603071e-01 3.47639031e-01 3.47671769e-01
 3.47701568e-01 3.47728690e-01 3.47753372e-01 3.47775831e-01
 3.47796264e-01 3.47814852e-01 3.47831760e-01 3.47847138e-01
 3.47861123e-01 3.47873839e-01 3.47885401e-01 3.47895912e-01
 3.47905467e-01 3.47914152e-01 3.47922045e-01 3.47929218e-01
 3.47935736e-01 3.47941658e-01 3.47947038e-01 3.47951926e-01
 3.47956366e-01 3.47960398e-01 3.47964061e-01 3.47967387e-01
 3.47970407e-01 3.47973149e-01 3.47975639e-01 3.47977899e-01
 3.47979951e-01 3.47981814e-01 3.47983504e-01 3.47985038e-01
 3.47986431e-01 3.47987694e-01 3.47988841e-01 3.47989881e-01
 3.47990825e-01 3.47991681e-01 3.47992458e-01 3.47993162e-01
 3.47993801e-01 3.47994381e-01 3.47994907e-01 3.47995383e-01
 3.47995816e-01 3.47996208e-01 3.47996563e-01 3.47996886e-01
 3.47997178e-01 3.47997443e-01 3.47997683e-01 3.47997901e-01
 3.47998098e-01 3.47998277e-01 3.47998439e-01 3.47998586e-01
 3.47998719e-01 3.47998840e-01 3.47998949e-01 3.47999048e-01
 3.47999138e-01 3.47999219e-01 3.47999293e-01 3.47999360e-01
 3.47999420e-01 3.47999475e-01 3.47999524e-01 3.47999569e-01
 3.47999610e-01 3.47999647e-01 3.47999680e-01 3.47999711e-01
 3.47999738e-01 3.47999763e-01 3.47999785e-01 3.47999806e-01
 3.47999824e-01 3.47999841e-01 3.47999856e-01 3.47999870e-01
 3.47999882e-01 3.47999893e-01 3.47999903e-01 3.47999913e-01
 3.47999921e-01 3.47999928e-01 3.47999935e-01 3.47999941e-01
 3.47999947e-01 3.47999952e-01 3.47999957e-01 3.47999961e-01
 3.47999964e-01 3.47999968e-01 3.47999971e-01 3.47999974e-01
 3.47999976e-01 3.47999978e-01 3.47999980e-01 3.47999982e-01
 3.47999984e-01 3.47999986e-01 3.47999987e-01 3.47999988e-01
 3.47999989e-01 3.47999990e-01 3.47999991e-01 3.47999992e-01
 3.47999993e-01 3.47999994e-01 3.47999994e-01 3.47999995e-01
 3.47999995e-01 3.47999996e-01 3.47999996e-01 3.47999996e-01
 3.47999997e-01 3.47999997e-01 3.47999997e-01 3.47999998e-01]","[0.00000000e+00 0.00000000e+00 0.00000000e+00 0.00000000e+00
 0.00000000e+00 0.00000000e+00 0.00000000e+00 0.00000000e+00
 0.00000000e+00 0.00000000e+00 0.00000000e+00 0.00000000e+00
 0.00000000e+00 0.00000000e+00 0.00000000e+00 0.00000000e+00
 0.00000000e+00 0.00000000e+00 0.00000000e+00 0.00000000e+00
 0.00000000e+00 0.00000000e+00 0.00000000e+00 0.00000000e+00
 0.00000000e+00 0.00000000e+00 0.00000000e+00 0.00000000e+00
 0.00000000e+00 0.00000000e+00 0.00000000e+00 0.00000000e+00
 0.00000000e+00 0.00000000e+00 0.00000000e+00 0.00000000e+00
 0.00000000e+00 0.00000000e+00 0.00000000e+00 0.00000000e+00
 0.00000000e+00 0.00000000e+00 0.00000000e+00 0.00000000e+00
 0.00000000e+00 0.00000000e+00 0.00000000e+00 0.00000000e+00
 0.00000000e+00 0.00000000e+00 0.00000000e+00 0.00000000e+00
 0.00000000e+00 0.00000000e+00 0.00000000e+00 0.00000000e+00
 0.00000000e+00 0.00000000e+00 0.00000000e+00 0.00000000e+00
 0.00000000e+00 0.00000000e+00 0.00000000e+00 0.00000000e+00
 0.00000000e+00 0.00000000e+00 0.00000000e+00 0.00000000e+00
 0.00000000e+00 0.00000000e+00 0.00000000e+00 1.93178806e-17
 1.93178806e-16 1.35225164e-15 9.91007276e-15 7.22295557e-14
 5.26624744e-13 3.83960264e-12 2.79940044e-11 2.04100421e-10
 1.48806844e-09 1.08493044e-08 7.91007886e-08 5.76712276e-07
 4.20468701e-06 3.06534717e-05 2.23366523e-04 1.62198565e-03
 1.14888140e-02 6.93586028e-02 2.24368675e-01 3.23547391e-01
 3.44429666e-01 3.47505927e-01 3.47932151e-01 3.47990692e-01
 3.47998723e-01 3.47999825e-01 3.47999976e-01 3.47999997e-01
 3.48000000e-01 3.48000000e-01 3.48000000e-01 3.48000000e-01
 3.48000000e-01 3.48000000e-01 3.48000000e-01 3.48000000e-01
 3.48000000e-01 3.48000000e-01 3.48000000e-01 3.48000000e-01
 3.48000000e-01 3.48000000e-01 3.48000000e-01 3.48000000e-01
 3.48000000e-01 3.48000000e-01 3.48000000e-01 3.48000000e-01
 3.48000000e-01 3.48000000e-01 3.48000000e-01 3.48000000e-01
 3.48000000e-01 3.48000000e-01 3.48000000e-01 3.48000000e-01
 3.48000000e-01 3.48000000e-01 3.48000000e-01 3.48000000e-01
 3.48000000e-01 3.48000000e-01 3.48000000e-01 3.48000000e-01
 3.48000000e-01 3.48000000e-01 3.48000000e-01 3.48000000e-01
 3.48000000e-01 3.48000000e-01 3.48000000e-01 3.48000000e-01
 3.48000000e-01 3.48000000e-01 3.48000000e-01 3.48000000e-01
 3.48000000e-01 3.48000000e-01 3.48000000e-01 3.48000000e-01
 3.48000000e-01 3.48000000e-01 3.48000000e-01 3.48000000e-01
 3.48000000e-01 3.48000000e-01 3.48000000e-01 3.48000000e-01
 3.48000000e-01 3.48000000e-01 3.48000000e-01 3.48000000e-01
 3.48000000e-01 3.48000000e-01 3.48000000e-01 3.48000000e-01
 3.48000000e-01 3.48000000e-01 3.48000000e-01 3.48000000e-01
 3.48000000e-01 3.48000000e-01 3.48000000e-01 3.48000000e-01
 3.48000000e-01 3.48000000e-01 3.48000000e-01 3.48000000e-01
 3.48000000e-01 3.48000000e-01 3.48000000e-01 3.48000000e-01
 3.48000000e-01 3.48000000e-01 3.48000000e-01 3.48000000e-01
 3.48000000e-01 3.48000000e-01 3.48000000e-01 3.48000000e-01
 3.48000000e-01 3.48000000e-01 3.48000000e-01 3.48000000e-01
 3.48000000e-01 3.48000000e-01 3.48000000e-01 3.48000000e-01
 3.48000000e-01 3.48000000e-01 3.48000000e-01 3.48000000e-01
 3.48000000e-01 3.48000000e-01 3.48000000e-01 3.48000000e-01
 3.48000000e-01 3.48000000e-01 3.48000000e-01 3.48000000e-01
 3.48000000e-01 3.48000000e-01 3.48000000e-01 3.48000000e-01
 3.48000000e-01 3.48000000e-01 3.48000000e-01 3.48000000e-01
 3.48000000e-01 3.48000000e-01 3.48000000e-01 3.48000000e-01
 3.48000000e-01 3.48000000e-01 3.48000000e-01 3.48000000e-01
 3.48000000e-01 3.48000000e-01 3.48000000e-01 3.48000000e-01
 3.48000000e-01 3.48000000e-01 3.48000000e-01 3.48000000e-01
 3.48000000e-01 3.48000000e-01 3.48000000e-01 3.48000000e-01
 3.48000000e-01 3.48000000e-01 3.48000000e-01 3.48000000e-01
 3.48000000e-01 3.48000000e-01 3.48000000e-01 3.48000000e-01
 3.48000000e-01 3.48000000e-01 3.48000000e-01 3.48000000e-01
 3.48000000e-01 3.48000000e-01 3.48000000e-01 3.48000000e-01
 3.48000000e-01 3.48000000e-01 3.48000000e-01 3.48000000e-01
 3.48000000e-01 3.48000000e-01 3.48000000e-01 3.48000000e-01
 3.48000000e-01 3.48000000e-01 3.48000000e-01 3.48000000e-01
 3.48000000e-01 3.48000000e-01 3.48000000e-01 3.48000000e-01
 3.48000000e-01 3.48000000e-01 3.48000000e-01 3.48000000e-01
 3.48000000e-01 3.48000000e-01 3.48000000e-01 3.48000000e-01
 3.48000000e-01 3.48000000e-01 3.48000000e-01 3.48000000e-01
 3.48000000e-01 3.48000000e-01 3.48000000e-01 3.48000000e-01
 3.48000000e-01 3.48000000e-01 3.48000000e-01 3.48000000e-01
 3.48000000e-01 3.48000000e-01 3.48000000e-01 3.48000000e-01
 3.48000000e-01 3.48000000e-01 3.48000000e-01 3.48000000e-01]"
